0.01354	-0.01362	-0.03165	-0.00243	-0.05815	0.15283	-0.04318	-0.1073	-0.02157	0.01113	-0.04811	-0.0406	-0.01116	0.05859	-0.00819	-0.05866	0.02594	0.1289	0.20185	-0.13108	0.00373	-0.03216	0.02087	-0.07154	-0.00861	0.02253	-0.11531	-0.01732 -0.05916	-0.05734	-0.03934	-0.01567	-0.12799	-0.08229	-0.05736	-0.12371	-0.04232	0.00244	-0.07442	-0.0195	-0.0305	0.09826	-0.01825	1.1E-4	-0.05385	-0.01031	-0.00326	-0.01278	-0.03948	-0.2317	-0.19033	-0.0523	0.01917	-0.07	-0.33748	-0.06556 -0.10013	-0.06431	-0.11583	-0.0207	-0.00305	-0.03754	0.05543	0.05487
-0.02145	0.02756	0.02973	-0.00352	0.28949	0.04439	0.0248	0.07399	0.01428	-0.07742	0.03059	0.03404	-0.00594	0.04962	0.07773	0.04091	0.16786	-0.07244	0.02865	0.07273	-0.00327	0.01356	0.00959	0.05391	0.01974	0.07395	-0.10228	-0.00655	0.04534 0.03702	0.04282	0.08484	0.01223	0.07	0.04743	0.04407	0.04676	-0.00262	-0.01812	0.00631	0.01385	-0.01246	0.00215	-0.05268	0.03599	0.01209	0.01984	0.02656	0.03931	-0.10422	0.05051	0.03358	0.18021	0.06196	0.05896	0.05772	-0.1414	0.04439 0.09507	0.00246	0.00229	0.03829	0.08615	0.17834
0.06598	-0.0162	-0.04221	-0.00561	-0.04503	0.16827	0.02741	-0.1356	-0.02117	-0.32382	-0.0582	-0.0597	-0.01002	0.00232	-0.0872	-0.03929	-0.16919	-0.34124	-0.04198	-0.14685	-0.01708	-0.03157	-0.04053	-0.07605	-0.02736	-0.00563	0.23676	0.00307 -0.04776	-0.03106	-0.05799	-0.0317	0.09748	-0.10936	-0.08438	0.01549	0.0085	-0.009	0.02784	-0.02157	-0.01158	-0.13757	-0.03645	0.07389	-0.03287	-0.0223	-0.02915	-0.03824	-0.04453	0.09828	-0.15106	-0.06105	-0.07408	-0.07963	-0.0193	-0.07272 0.01042	0.00253	-0.14537	-0.02436	0.00147	-0.04751	0.22217	-0.05601
0.05426	0.00465	0.00523	-0.00118	0.03047	0.19226	-0.03308	-0.01531	-0.01045	-0.1281	-0.00642	-0.01557	-0.01022	0.21401	0.06517	-0.02064	-0.01576	-0.04736	0.00782	-0.02074	3.1E-4	-0.01534	-0.0211	0.00389	-0.01908	0.10562	-0.06089	0.00665 0.00165	-0.01867	4.8E-4	-0.10582	-0.00475	-0.02372	-0.02225	0.16134	0.0943	-0.0221	-0.04502	-0.0138	0.003	-0.09419	-0.01826	0.13913	-9.7E-4	0.01145	-0.01194	0.00939	-0.00524	-0.07319	0.05279	-0.01357	0.10664	-0.00185	0.12882	-0.00145	0.22401 0.02738	-0.02836	-0.01494	-0.00266	-0.0159	0.15944	0.24893
0.03683	0.00183	-0.00354	-0.01423	0.31657	0.20504	0.02643	-0.0124	-0.00523	-0.17596	0.00149	0.00574	-0.03048	0.04297	-0.07228	0.00756	0.07671	-0.28745	0.16176	-0.01602	-0.00251	-0.00219	0.00454	0.00256	0.01188	0.10986	-0.34724	3.7E-4 -0.01017	0.00437	-0.00172	-0.00919	-0.0788	-0.00217	-0.00284	-0.08768	0.01129	0.01622	-0.0541	0.00662	0.00273	-0.05238	0.01369	-0.21043	-0.00794	-0.0061	-0.00332	0.00107	-0.00129	-0.04375	-0.01032	0.00938	0.01438	0.00464	-0.1261	-0.01321 -0.07252	-0.02464	0.00601	0.00102	-0.01115	-0.00743	0.14782	-0.20436
0.05765	0.02949	0.02041	0.0032	-0.18845	-0.10412	-0.06744	0.10656	0.01966	-0.09765	0.04309	0.05106	-0.02398	-2.4E-4	-0.14092	0.03034	-0.06382	-0.10302	-0.04629	0.10719	0.02055	0.03278	0.02484	0.06329	3.9E-4	0.12522	0.10987	-0.02605	0.05634 0.06572	0.05377	0.11418	-0.02571	0.09134	0.05685	0.11375	-0.05664	-0.04654	0.00351	0.03312	0.00255	0.08837	0.02839	0.01294	0.03702	0.00652	0.01273	0.03593	0.04905	0.11305	-0.00281	0.04715	0.01399	0.07895	-0.07066	0.06214	-0.02002	0.04391 0.12369	0.02859	-0.00238	0.03721	0.01802	0.19411
0.09173	0.00548	-0.01509	-0.00473	0.10598	-0.01351	0.01794	-0.00493	0.00166	-0.20789	0.00638	-0.01362	0.0107	0.03772	-0.10333	0.01435	-0.0511	0.14959	-0.12542	0.00782	-0.01496	-0.00503	-0.03017	0.00945	-0.01005	0.03985	0.15982	-0.0122	-0.0085 0.01653	-0.00955	0.08593	-0.08959	-0.00958	0.01417	-0.12068	-0.13128	0.0452	-0.00335	0.00354	0.00408	0.01374	-0.01142	-0.09874	-9.1E-4	-0.0126	0.00107	0.00542	-0.00824	-0.17326	-0.04745	-0.00839	0.16804	0.00476	0.02597	-0.00817	-0.03081 -0.02696	0.00382	0.00909	-0.01154	0.00974	-0.09427	-0.20082
0.00757	0.04386	0.05416	0.00785	0.04766	-0.02294	-0.03533	0.1952	0.03778	0.12838	0.05097	0.08448	0.01635	-0.03126	0.05755	0.06909	0.13299	-0.09446	-0.08673	0.19326	0.01565	0.02811	0.02487	0.09255	0.01091	-0.00968	-0.07056	0.02054	0.09426 -0.00343	0.09798	-0.03258	0.00512	0.17218	0.13346	-0.09355	-0.05558	0.00115	0.06234	0.0291	0.00649	0.01807	0.04291	-0.14943	0.07989	0.0177	0.0293	0.03553	0.06964	-0.10755	0.14438	0.09613	0.10496	0.129	-0.06589	0.13176	-0.11131	-0.00467 0.21053	0.01526	0.00951	0.07054	0.23593	0.0424
0.06855	0.02929	0.03625	0.01762	0.10056	0.08398	0.01861	0.15531	0.03031	0.1814	0.05096	0.04245	0.00288	-0.1068	0.10189	0.05284	0.06584	-0.14228	0.10366	0.14497	0.01369	0.02867	0.00101	0.06882	0.01958	0.0228	0.10179	0.01971	0.06401	-6.7E-4 0.06602	-0.02052	-0.08937	0.12897	0.09723	-0.05844	0.05113	0.02209	0.04881	0.0177	-0.00172	0.00176	0.02086	-0.24203	0.03752	0.01704	0.02334	0.02763	0.0611	0.07203	0.01975	0.06844	0.14072	0.10158	-0.16796	0.09183	0.03632	0.02413	0.14672 0.00753	0.01844	0.05738	0.15761	-0.07047
-0.0766	0.01303	0.01044	-0.00989	0.11576	0.00353	0.02249	0.01425	-7.7E-4	0.0252	-5.8E-4	0.00503	-0.0099	-0.13757	0.12859	0.01131	0.04455	-0.24568	0.15613	0.03162	-0.00663	-0.00623	-0.03316	0.01046	4.6E-4	-0.03783	0.03099	0.00656	0.00281 0.00855	0.00649	-0.07605	0.0697	0.01329	0.01046	-0.12638	0.1304	0.01794	0.0571	0.00526	-0.01618	0.05368	0.0041	-0.18195	-0.01201	-0.00907	0.00904	0.00447	-0.00806	0.13458	-0.02228	0.00625	0.14168	0.00745	0.06161	0.00663	-0.04779	0.05591 0.01184	-7.0E-5	0.00738	0.01696	0.01828	-0.04384
0.04265	-0.00664	0.00851	0.00673	0.36554	-0.02804	0.05364	-8.9E-4	-0.0014	-0.0065	0.00406	-0.00959	0.02938	-0.05168	0.08808	-0.01191	-0.02666	0.16287	-0.07515	0.00178	0.00273	0.01016	0.00283	-0.02123	-0.00837	-0.03664	-0.22506	0.00766 -0.00635	0.00238	0.00243	0.04914	0.02358	-0.00651	-0.01939	-0.01429	0.0853	-0.00582	0.0156	0.00693	-0.02255	0.10086	-0.00377	-0.08822	-0.00929	-0.01529	0.00493	0.00947	-0.00495	0.07959	-0.05228	-0.01423	-0.01174	9.1E-4	0.07288	-0.00239 0.07516	-0.02955	-0.00431	0.00796	-0.01627	0.0092	-0.04088	-0.0793
-0.01152	0.03305	0.01609	-0.00305	-0.30039	-0.13415	0.01425	0.12654	0.01752	0.02845	0.02792	0.041	0.0279	-0.10303	0.08988	0.05056	-0.20195	0.0598	0.01111	0.12032	0.00738	0.02197	-0.00518	0.06852	0.02068	-0.14398	-0.08677	-0.002	0.05045 0.03021	0.05558	0.1007	0.03588	0.10078	0.08135	0.05224	-0.1211	0.04314	0.07458	0.01871	-0.00833	0.01133	0.01446	0.09272	0.03228	-0.00472	0.01406	0.03138	0.05404	-0.23285	-0.2257	0.06284	-0.22322	0.06501	0.14882	0.07679	0.0589	3.8E-4 0.10736	0.00796	0.01634	0.03411	-0.23049	-0.01365
-0.06659	0.00617	0.02154	0.01083	-0.00431	-0.08738	0.05429	0.08424	0.01606	0.11018	0.01033	0.02257	-0.02357	0.09279	-0.03777	0.02853	0.18258	0.00493	-0.08116	0.05806	0.00858	0.00362	0.03457	0.028	0.00321	-0.06398	0.03649	0.02825	0.01798 0.03558	0.02631	-0.06174	-0.02935	0.069	0.03904	0.06182	-0.06306	0.00914	0.11565	0.01133	0.00593	0.17406	0.01367	0.01747	0.02406	0.0085	0.01031	0.01065	0.01579	0.0495	-0.02993	0.03851	-0.02839	0.03959	0.12905	0.02945	-0.11121	0.01155 0.08003	3.0E-4	0.00638	0.02346	-0.11683	0.4251
0.06535	0.00584	0.00819	0.00485	0.17939	-0.0774	0.0095	0.06724	0.00835	-0.02178	0.03016	0.00677	-0.00355	-0.05667	0.01775	0.01282	0.02254	0.02291	-0.08175	0.06641	-0.00994	0.00823	-0.01476	0.03297	0.00321	-0.06609	0.21509	-0.00377	0.0305 0.02122	0.00776	0.01546	-0.05771	0.03349	0.0379	-0.10037	-0.06176	0.02208	0.01306	0.01927	6.0E-4	0.15298	0.01565	-0.00431	0.00925	-0.00691	0.01098	0.01597	0.03291	-0.13947	-0.04177	0.01697	0.03947	0.01891	0.21234	0.0461	0.1387	-0.03096 0.05922	0.01229	0.00148	0.02712	-0.10917	0.15606
-0.06367	-0.01269	0.00884	-0.00565	0.13962	0.01978	-0.02442	-0.02132	-0.00553	-0.00323	0.00608	-0.00511	0.04002	-0.0676	-0.02508	-0.00748	0.20227	0.10685	0.04601	-0.00433	0.00913	-0.00616	0.03411	-0.0152	-9.0E-5	-0.06687	-0.13362	-0.00366 -0.02146	-0.02769	-0.01324	2.5E-4	-0.03098	-0.00577	-0.0214	0.11037	0.00539	-0.03778	-3.0E-5	-0.00931	0.00314	0.1857	-7.3E-4	0.16332	0.00327	-0.00796	-0.00824	-6.9E-4	0.00451	0.18288	-0.09426	0.00483	-0.0207	-0.00366	-0.18203	-0.01785	-0.1222 -0.02559	-0.01989	-0.01541	0.00755	-0.01068	-0.28103	-0.05298
-0.08052	0.03469	0.0265	0.00733	0.09976	0.07846	0.04471	0.13926	0.04486	-0.15569	0.05577	0.06426	-0.02217	-0.06896	-0.10093	0.06401	0.07183	-0.52552	0.10437	0.1392	7.2E-4	0.03716	-0.03039	0.07786	0.01855	0.05787	0.23192	0.00257	0.06711 0.02049	0.06336	0.00246	0.06473	0.10964	0.08426	-0.06339	-0.20581	-0.006	-0.02561	0.03691	0.01446	-0.09092	0.03461	-0.05664	0.04623	-0.00158	0.00396	0.04301	0.06379	0.04636	-0.04635	0.07429	-0.06057	0.09628	0.0862	0.1002	-0.00726	0.00233 0.16003	0.02521	0.01605	0.05333	0.21696	-0.18588
0.00312	0.0061	-0.01512	0.00374	0.11462	-0.00673	0.06017	-0.01925	-0.00787	-0.10476	-0.00566	0.00591	-0.02172	0.08528	0.09959	0.00706	-0.02956	0.11679	-0.0683	-0.01269	0.01001	-2.4E-4	5.6E-4	-0.01583	-0.00926	0.09022	-0.03605	0.01462	-0.00743 0.02422	0.00632	-0.05008	0.02218	0.01026	-0.00484	0.06265	0.07209	0.03301	-0.00868	-0.01623	0.01655	-0.11524	0.00262	-0.11414	-0.01629	0.00201	0.00801	-0.01146	0.00193	0.08248	0.0385	8.5E-4	-0.10607	3.8E-4	0.04754	0.01204	-0.02447	0.02389 -0.01784	-0.01219	-0.00943	-0.01417	0.0112	-0.15267
-0.02566	-0.00883	-0.00818	0.00522	-0.19574	0.0222	0.01961	-0.01123	0.00824	-0.18632	0.00557	0.00638	-0.05325	0.05216	-0.00767	-0.01297	-0.04464	0.56451	0.02975	0.00101	0.00151	-0.01232	0.03802	0.00761	-0.00144	-0.07924	0.03788	-0.03237 -0.01629	0.01537	-0.00264	0.0536	-0.03949	-0.00416	-0.01639	0.08887	-0.03434	-0.05762	-0.03912	-0.00427	0.00412	0.00681	-0.00573	0.04748	-0.01216	0.01037	0.00406	0.00856	-0.01054	-0.07126	-0.02533	-0.00682	0.08329	0.00211	0.10979	0.00275 -0.03838	-0.03266	0.0016	0.00905	-0.0116	0.00636	-0.13952	0.16221
0.0438	0.03244	0.03506	0.01195	-0.04601	0.17958	-0.0814	0.1773	0.04882	0.24641	0.05943	0.05475	0.01146	0.07117	0.09161	0.07185	-0.06168	0.04761	-0.24218	0.17858	0.02404	0.03832	-0.02447	0.09375	0.01217	0.15893	-0.03604	0.02198	0.08196 0.04429	0.06997	-0.04961	-0.00342	0.1407	0.0982	-0.02676	0.13689	0.04646	0.02555	0.04754	-0.0051	-0.0795	0.01845	0.07745	0.0493	0.01884	0.02662	0.02866	0.06273	0.14009	0.11481	0.06173	-0.02748	0.10894	0.04773	0.11394	0.13877	0.02006 0.16286	0.0166	0.016	0.04215	-0.02148	-0.12083
-0.08805	0.00573	-0.01513	0.00667	-0.09014	0.05694	0.0123	-0.02788	-0.00159	-0.16456	-0.00435	3.5E-4	0.0045	0.02041	0.04168	-0.00238	0.07369	-0.2028	-0.04617	-0.04103	-0.00287	-0.00696	0.00289	-0.00665	-0.01055	-0.02591	-0.10367	-0.0179 -0.01304	-0.0146	-0.01048	-0.08078	0.00376	-0.01171	-0.03287	0.10657	-0.02634	-0.05418	-0.0633	-0.00368	-0.02716	-0.11499	0.00339	0.18825	-0.00539	-0.00791	0.00804	-0.01125	-0.01063	0.021	0.04946	-0.02167	0.03424	-0.00815	-0.05864	-0.01667 -0.10875	0.04687	-0.02292	-0.0093	-0.0122	-0.01861	0.13466	0.07607
0.01843	0.02267	0.03753	-0.00567	0.13028	0.09959	-0.06264	0.09396	0.01316	-0.08262	0.03057	0.03265	0.01007	-0.0363	-0.11749	0.02391	0.00655	-0.1134	0.0149	0.08907	-0.00645	0.00629	-0.02249	0.04271	0.02071	0.06031	0.21171	0.01212	0.03444 -0.02825	0.03084	-0.12648	0.0372	0.07813	0.05384	0.06073	-0.15763	0.04854	-0.02085	0.00498	-0.00155	-0.03806	0.02485	0.10296	0.02692	0.01355	0.00266	0.00618	0.0429	0.03571	0.07957	0.03057	0.09949	0.05771	0.10454	0.06021	0.04191	0.0595 0.09973	0.00492	0.00685	0.01446	-0.03223	0.08604
-0.0634	0.01375	0.02336	-0.01262	-0.31645	-0.12094	-0.00562	0.05034	9.9E-4	0.13004	0.01326	0.01197	0.02444	0.05363	0.07103	0.02276	-0.05541	-0.12813	0.05593	0.06665	0.00509	0.00645	-0.0361	0.01793	0.00785	0.02044	0.02714	0.01991	0.03166 0.04436	0.03452	-0.00344	0.01876	0.05191	0.03511	-0.16142	0.11377	0.05735	0.07709	0.00726	0.0044	0.09861	-0.00158	-0.15798	0.0041	0.00722	0.00927	0.00548	0.00665	-0.03904	0.02936	0.02515	-0.01413	0.04792	0.22663	0.0327	0.01525	-0.03447 0.04388	-0.00671	0.01817	0.0329	-0.07898	-0.12005
-0.02121	-0.05977	-0.07774	-0.03341	0.1419	-0.05551	0.02324	-0.29715	-0.05545	-0.08014	-0.08862	-0.12036	0.02114	-0.05948	-0.04619	-0.11965	-0.05491	0.23354	-0.10763	-0.29706	-0.01155	-0.06115	0.00614	-0.16366	-0.03912	-0.0247	-0.04825	-0.03302 -0.11545	-0.01841	-0.12381	0.00236	-0.09687	-0.2263	-0.17125	0.01147	-0.14195	-0.04774	-0.03203	-0.05072	0.01499	-0.06078	-0.05994	0.02731	-0.08289	-0.03822	-0.01851	-0.06894	-0.11678	0.00127	-0.01613	-0.13123	-0.02341	-0.16784	0.11114	-0.18095 0.00819	-0.03542	-0.29015	-0.04674	-0.02309	-0.09012	-0.19482	-0.0575
-0.02033	-0.00934	-0.02333	-0.01857	0.14373	0.02578	0.01758	-0.11374	-0.04004	-0.0438	-0.04821	-0.02485	-0.01421	-0.05582	-0.03871	-0.03219	7.6E-4	-0.08596	0.04814	-0.10256	-0.00232	-0.0317	-0.02971	-0.0545	0.00613	0.03858	0.1489	-0.01966 -0.05237	0.02265	-0.04236	0.16814	0.0589	-0.06951	-0.06867	-0.1144	-0.09542	0.01643	-0.03341	-0.03367	-0.00544	0.02519	-0.0225	-0.1048	-0.03665	-0.01744	-0.01031	-0.03289	-0.04328	0.12899	-0.07048	-0.04424	-0.1606	-0.05802	-0.04383	-0.06138 -0.03384	-0.02126	-0.10375	0.0032	-0.02646	-0.04371	0.04688	0.03618
0.0386	-0.00127	-0.00184	0.00472	-0.11818	0.02741	-0.12228	-0.03353	-0.00478	-0.04284	0.00108	-0.0017	0.03368	-0.04688	0.10412	-0.00831	0.01721	-0.13544	-0.18456	-0.03007	-0.00374	-0.013	-0.01101	-0.01648	0.00366	0.12652	-0.00528	-0.00547 -0.02054	0.00322	-0.00123	-0.04697	0.1125	-0.03797	-0.02255	0.08771	0.00889	-0.01881	-0.07704	-0.01197	0.01134	-0.13511	-0.01949	0.09013	-0.00762	-0.00882	0.00555	-0.01392	-0.02431	0.10044	0.07787	-0.02186	-0.07052	-0.031	0.12297	-0.02179 0.10568	0.05849	-0.02716	-0.00334	0.00392	-0.02269	0.12683	0.04559
0.04578	0.00718	0.01066	0.02157	-0.29122	0.03387	-0.06141	0.06174	0.01745	0.08953	0.01695	0.01355	0.0154	-0.08839	-0.00611	0.01661	-0.14416	0.0399	-0.14948	0.06271	0.01172	0.01313	0.03177	0.037	0.00507	-0.01321	-0.18185	0.0147	0.0199	0.0213 0.03176	-0.0496	-0.06405	0.04979	0.03821	-0.1138	-0.00963	0.04708	0.03509	0.03045	0.01151	0.14266	0.00334	0.12796	0.03266	0.01187	0.00354	0.00442	0.03529	0.0045	-0.10175	0.02145	0.06172	0.04477	0.02949	0.03225	0.02605	-0.02355	0.08357 -0.00444	0.00578	0.02147	-0.04686	0.31381
0.01432	-0.0361	-0.04089	-0.02105	0.0936	-0.01014	-0.07448	-0.16407	-0.05002	-0.39717	-0.06109	-0.04911	0.02906	0.11566	-0.11977	-0.05413	0.05308	-0.08534	-0.19406	-0.15381	-0.00165	-0.01884	0.02793	-0.09331	-0.02633	0.0265	-0.07975	-0.05564 -0.05923	0.03797	-0.06606	0.05346	0.08361	-0.11687	-0.09981	0.08842	-0.08837	0.00662	-0.01889	-0.03226	0.00915	-0.06963	-0.03086	-0.10353	-0.03382	-0.01217	-0.01701	-0.03656	-0.0616	0.0203	0.01966	-0.0711	0.20094	-0.07828	-0.01337	-0.07913 -0.00998	0.00102	-0.15484	-0.021	-0.02093	-0.05912	-0.0317	-0.34857
0.06847	-0.02245	-0.04747	-0.01931	-0.05417	0.1296	0.01535	-0.20244	-0.03172	0.04734	-0.05132	-0.07939	-0.00753	-0.07587	-0.10691	-0.08451	-0.03363	-0.07148	0.12192	-0.18975	-0.01994	-0.02285	-0.00986	-0.10765	-0.03727	-0.0209	-0.02425	-0.03478 -0.07731	-0.02283	-0.07718	0.01436	-0.0333	-0.15116	-0.10737	0.0699	-0.10542	-0.06735	-0.10635	-0.05349	0.01194	-0.1242	-0.03703	-0.09282	-0.05712	-0.01689	-0.01838	-0.05015	-0.07923	-0.15729	-0.04601	-0.08036	-0.05702	-0.10752	-0.04805	-0.12211 -0.10818	0.03777	-0.17858	-0.01217	-0.00558	-0.07508	0.188	-0.10436
0.02951	0.01091	0.0178	-0.01039	-0.43717	-0.16687	0.08519	0.05956	0.00991	0.34342	0.02424	0.02571	0.02382	0.0372	0.02226	0.0255	0.14869	0.02963	0.03244	0.0452	-0.00123	0.00376	0.02534	0.01421	0.02094	-0.05275	-0.32229	0.03943	0.01499 -0.00575	0.01746	-0.04037	-0.01592	0.03277	0.03017	-0.07956	-0.0111	-0.04314	0.09528	0.00431	0.00438	7.6E-4	0.01932	-0.18495	0.00966	-4.7E-4	0.01355	0.00918	0.02895	-0.14176	0.06125	0.02505	-0.00545	0.04381	-0.29139	0.03567	-0.08086	-0.03623 0.04049	0.01205	0.01982	0.01497	0.16682	0.21185
-0.0466	-0.0093	-0.01559	-0.00131	-0.08944	0.01053	-0.04192	-0.00453	0.01471	-0.29683	-0.01475	-0.00897	0.05012	-0.03525	-0.03246	-0.00186	-0.08382	0.17194	-0.17798	-0.01602	-0.00593	-0.00387	1.8E-4	-0.01744	-0.00394	-0.03861	0.11807	-0.01668 -0.00904	-0.03492	-0.00195	-0.02436	0.10524	0.00619	-0.01384	-0.02898	-0.16028	0.00393	-0.03446	-0.00295	0.0114	0.04001	-0.01502	-0.01082	-0.01247	-0.01084	0.01527	0.01495	0.00995	0.07682	0.00602	-0.00564	0.02631	0.00399	0.14864	-5.1E-4 -0.00391	-0.01356	-0.01262	0.00328	-0.01624	-0.01436	-0.01307	-0.11865
-0.05554	-0.024	-0.00241	0.00111	-0.06987	-0.00492	0.03522	-0.05124	-0.0254	0.03254	-0.01475	-0.00753	0.01623	-0.17359	-5.8E-4	-0.03014	0.02682	-0.02529	-0.21793	-0.04324	0.00458	-0.00707	-0.04029	-0.02181	-0.00597	-0.01966	-0.05191	-0.01673 -0.00696	0.049	-0.02249	-0.07312	0.07718	-0.0404	-0.01813	0.06843	0.02619	-0.0226	0.02042	-0.00916	0.01475	0.10299	0.0028	0.01123	-0.00333	0.01059	-0.01168	-0.02037	-0.02902	0.02092	-0.04173	-0.0109	-0.12045	-0.01891	0.12852	-0.02819	-0.08225 0.003	-0.04598	0.00208	8.6E-4	-0.03223	-0.10443	-0.15571
-0.05351	-0.04473	-0.06411	-0.01274	0.03753	-0.04212	-0.01801	-0.24788	-0.06127	-0.19981	-0.08915	-0.09987	0.00361	0.0667	-0.12757	-0.09993	-0.10901	-0.03964	-0.11626	-0.27155	-0.02233	-0.04528	-0.01036	-0.12832	-0.03113	0.0221	0.257	-0.02115 -0.09449	0.01753	-0.10337	-0.01765	0.06145	-0.21133	-0.16056	0.04988	-0.23424	-0.02093	0.01774	-0.06796	-0.00246	0.01272	-0.06004	-0.13728	-0.08364	-0.02617	-0.01272	-0.03794	-0.1041	0.1538	0.0635	-0.10599	0.05384	-0.15857	0.15745	-0.16248 -0.01992	-0.00587	-0.26952	-0.03978	-0.00407	-0.094	0.02349	0.14741
-0.05637	0.01132	-0.0046	-0.01411	-0.03352	0.20884	0.05373	6.6E-4	0.00707	0.02409	0.00347	0.0109	-5.0E-5	-0.0661	-0.09976	0.00643	0.0335	-0.03491	-0.06762	0.01157	-0.00307	-0.0055	-0.04123	0.0108	-0.00983	0.03523	-0.00717	0.02131	0.01207 0.04895	0.01316	-0.05086	-0.013	0.01	0.00476	0.03482	-0.10393	0.05395	0.03665	-0.01114	-0.00658	-0.20753	-0.00874	0.01067	-0.01156	-0.01406	-0.01507	-0.01063	0.01479	-0.11113	-0.07549	-0.01138	-0.07459	9.8E-4	-0.06831	0.01317	0.00879	-0.00278 -0.0123	-0.01382	-6.7E-4	0.00748	0.13231	0.02404
0.06969	-0.01195	-0.0033	-0.00232	-0.17186	0.08719	-0.01843	-0.01305	-0.00761	0.01577	-0.00974	0.00524	0.0338	-0.09014	-0.12505	-0.0034	-0.22008	-0.00212	0.05323	-0.02571	-0.01534	-0.00466	-0.00392	-0.00871	-0.00846	-0.05487	0.11132	-0.01323 -0.01214	-0.04536	-0.01365	-0.04316	-0.04082	-0.02351	-0.00362	0.06284	-0.02687	-0.04092	0.02088	-0.00158	0.02966	-0.01922	-0.00684	0.08772	-0.00745	-6.0E-5	-0.01127	-0.01242	-0.001	0.00773	-0.119	-0.01272	-0.10312	-0.01782	2.4E-4	-0.01376 0.15496	-0.00338	-0.01268	-0.0032	-0.00695	-0.01327	-0.09077	-0.0785
0.02202	0.01745	0.0372	0.00372	-0.06776	0.15091	0.08413	0.18156	0.05625	0.01462	0.04812	0.05768	0.02393	0.00907	-0.09763	0.05796	0.11072	-0.2198	-0.11005	0.18997	0.0027	0.02856	-0.0433	0.07755	0.03136	0.11434	-0.20781	0.04603	0.05932 0.00155	0.08511	-0.09352	-0.00189	0.14099	0.10929	0.18959	-0.0525	-0.01608	0.06839	0.04315	0.01234	-0.00299	0.03964	-0.03746	0.06868	0.03114	0.0126	0.02841	0.06447	0.10323	0.15906	0.08213	-0.01248	0.12095	0.13761	0.10269	-0.02929	0.0651 0.19172	0.00605	0.01523	0.04441	0.07463	0.14609
-0.03972	-0.01919	-0.02755	3.9E-4	-0.04826	-0.13886	0.0462	-0.06454	-0.01874	-0.11756	-0.0125	-0.03186	0.03224	0.14815	-0.07896	-0.01903	-0.00956	-0.05543	-0.14365	-0.05862	-0.01647	-0.02343	0.01384	-0.02433	0.00782	0.02853	-0.11377	-0.00557 -0.03041	0.05428	-0.03706	0.01529	0.09059	-0.03088	-0.03494	0.05788	-0.01253	0.005	-0.06983	-0.02165	-0.0037	0.08653	-0.01111	0.02416	-0.01884	-0.00337	-0.01466	-0.00213	-0.00732	0.00415	0.09526	-0.01723	0.12185	-0.02501	-0.01807	-0.04491 -0.12585	0.01567	-0.04579	-0.00215	-0.01819	-0.00886	-0.04198	-0.23917
0.00668	-5.1E-4	0.00257	-0.00589	-0.13684	-0.1689	0.10189	0.05602	-9.9E-4	0.26713	0.02747	0.00941	0.01324	0.1913	0.02236	0.01765	-0.08162	0.06709	0.08844	0.04301	0.01375	0.01446	0.00804	0.0083	0.00788	-0.18286	-0.2178	0.01407	0.01866 -0.03662	0.01113	0.05686	-0.01957	0.02652	0.03125	-0.01388	-0.00381	-0.03268	-0.00635	0.01734	0.01993	-0.04969	0.01638	0.14115	0.00315	-0.00309	0.02018	0.00895	0.01837	-0.17038	0.02196	0.02281	-0.15324	0.0346	-0.19	0.02099	0.06086	-0.02723 0.03111	0.01524	-0.00594	0.00329	0.0552	0.11476
0.0244	-0.00456	0.00728	-0.01137	-0.09371	0.03989	-0.00851	0.01341	0.00874	0.01716	-8.5E-4	0.01186	-0.01503	-0.12094	-0.01584	0.01445	0.25308	0.10585	-0.04597	0.01078	0.01119	0.00682	-0.00438	0.02002	-0.01137	0.00578	0.21778	0.01254	-3.7E-4 0.01728	0.00871	-0.01812	-0.09234	0.01989	0.00755	-0.1951	0.00821	0.06807	0.05011	-0.00661	0.01252	-0.0212	0.01884	-0.12777	0.0125	0.00926	0.00286	-0.00766	0.01075	0.05611	-0.05544	0.01365	0.17251	0.02392	0.00936	0.00787	0.09352	-0.08021 0.02005	0.0158	0.01142	0.01856	-0.08255	0.12444
0.07273	-0.02826	-0.02613	-0.0158	-0.15769	-0.19636	-0.03038	-0.08702	-0.02506	0.01223	-0.01524	-0.03721	-0.04948	-0.03003	0.04312	-0.03023	-0.06543	0.28313	0.18938	-0.09343	-0.00747	-0.02028	-0.00418	-0.03398	-0.01422	0.06659	-5.1E-4	-0.03713 -0.02754	-0.0011	-0.01782	0.06246	-0.04635	-0.06637	-0.0589	0.02013	-0.05951	-0.01024	-0.07034	-0.00308	-0.02218	-0.03562	-0.0133	-0.02284	-0.01664	-0.00855	-0.00835	-0.02091	-0.03814	-0.19034	0.03138	-0.0229	-0.22421	-0.04256	-0.13457	-0.04528 0.04158	-0.04156	-0.08385	-0.01789	0.0055	-0.02053	-0.0267	-0.15345
0.01454	-0.00143	0.028	0.0098	-0.0645	0.03156	0.14672	0.05937	0.00551	0.05308	0.01353	0.02296	-0.01389	-0.00532	0.1103	0.02166	0.07174	0.18187	-0.01113	0.07947	0.02035	-0.00172	-0.03146	0.02565	0.00171	-0.02972	0.2104	-0.01552	0.03544 0.00279	0.039	-0.10339	0.09926	0.06994	0.0361	0.03748	-0.00917	-0.02889	-0.00855	0.01217	2.5E-4	-0.13731	0.01869	-0.06359	0.01785	-0.00689	0.00959	0.01816	0.03835	-0.08893	-0.01582	0.03055	-0.07992	0.03029	-0.03576	0.04982	0.15271	-0.03348 0.06347	0.02054	0.0181	0.03758	0.04144	0.19026
-0.00577	0.01946	0.05785	0.00682	-0.11127	0.2184	0.05891	0.17688	0.03299	0.00621	0.04874	0.05773	-0.01954	-0.06985	0.08023	0.0771	-0.18812	0.0077	0.08351	0.17123	0.02624	0.02645	0.03205	0.08901	0.01531	-0.22147	0.05184	0.02437	0.08156 -0.01932	0.08101	0.02643	-0.06337	0.14129	0.09559	-0.1241	-0.03029	0.03059	-0.00185	0.04278	-0.01171	-0.1146	0.0436	-0.08984	0.06666	0.00591	0.02585	0.03133	0.05618	-0.05235	-0.15919	0.05712	-0.12005	0.1141	-0.02743	0.1051	0.04776	-0.05977 0.18544	0.0243	0.00683	0.045	0.16161	-0.04092
-0.02938	0.02216	0.01599	0.00952	0.06836	-0.03273	-0.05307	0.07284	0.02857	0.21577	0.01139	0.02683	-0.01105	-0.21193	-0.0976	0.00889	-0.03423	0.03362	-0.1529	0.07246	0.01164	0.02248	4.0E-5	0.02921	-0.00732	-0.03339	-0.00431	0.02347	0.01974 -0.00207	0.02319	-0.00959	0.045	0.05829	0.02792	0.11543	0.0887	0.00437	0.02984	0.00303	-0.0018	-0.06109	0.00536	0.15812	0.01976	0.02063	0.01547	0.0053	0.01227	0.12503	0.10553	0.02341	-0.13568	0.03905	0.24833	0.04425	0.09016	0.03278	0.05105 -0.00168	0.00581	0.02653	-0.14854	-0.14975
-0.03582	-0.03666	-0.03808	-0.01198	0.34393	-0.0337	-0.02085	-0.15369	-0.03294	-0.03002	-0.0422	-0.07398	0.02291	-0.16228	0.16382	-0.0573	0.05138	0.20234	0.04217	-0.14364	-0.0274	-0.04241	0.04972	-0.09158	-0.00609	-0.19586	0.11676	-0.03112 -0.05873	-0.01745	-0.0767	-0.02213	-0.06349	-0.13514	-0.09634	0.12499	0.0808	-0.08118	-0.07093	-0.03448	-0.01434	-0.04228	-0.02277	0.07354	-0.04992	-0.02957	-0.00484	-0.03487	-0.04436	-0.07423	0.0435	-0.07172	0.008	-0.10583	-0.02311	-0.0943 0.00114	-0.03732	-0.15999	-0.02252	-0.02547	-0.045	0.01461	-0.24906
0.04442	-0.02405	-0.01847	0.00343	0.15655	0.35764	0.025	-0.07519	-0.02091	0.12215	-0.03273	-0.03725	0.02741	-0.03643	-0.03583	-0.03838	0.09403	-0.11761	-0.10123	-0.08338	0.00449	-0.01798	0.01673	-0.03675	0.00559	0.0525	-0.00361	-0.05073 -0.03895	0.04766	-0.03494	0.01263	-0.06877	-0.06584	-0.0384	0.22886	0.15029	-0.05408	-0.14644	-0.02214	0.00806	-0.26132	-0.00186	0.00352	-0.03192	-0.00676	-0.00363	-0.02963	-0.03228	-0.11398	0.03679	-0.02762	0.02815	-0.03912	0.0325	-0.0502 -0.07981	0.04559	-0.07404	0.00527	-0.00874	-0.03863	0.13105	-0.23183
0.03518	0.01298	-0.00265	-0.01528	0.12389	0.28731	-0.05696	0.00463	0.00377	-0.06306	-0.00213	-0.00337	0.00489	0.11937	-0.14581	-0.00747	0.09949	-0.01689	-0.05848	0.02484	8.6E-4	0.00696	0.07711	-0.00132	0.00683	0.02321	0.02263	0.00756	0.00403 -0.00724	0.00342	0.01343	-0.06652	0.02313	0.01611	-0.02816	-0.10881	-0.01235	0.00726	-9.2E-4	-0.00215	0.01462	-0.01157	-0.18431	0.01155	0.00277	0.01059	1.4E-4	0.00938	-0.08283	-0.0873	0.01359	0.22912	0.01828	-0.08055	0.00621	-0.17227	0.02531 0.0216	-0.0093	0.00903	0.01729	0.0218	-0.00663
0.00618	0.03571	0.02481	6.3E-4	0.13359	0.16217	0.14602	0.13241	0.04264	-0.01946	0.04031	0.06163	-0.01134	0.1404	-0.0188	0.03803	-0.14144	-0.0212	0.06697	0.12	0.00751	0.01183	-0.00133	0.07099	0.02736	-0.08157	-0.3071	0.00677	0.04437	-0.02217 0.05913	0.01842	-0.15927	0.08463	0.0853	-0.14163	0.05818	5.8E-4	0.01194	0.03605	0.00924	-0.01882	0.01993	-0.10885	0.03878	7.7E-4	0.0144	0.02077	0.04497	-0.27606	-0.21851	0.0622	-0.05979	0.08971	-0.15901	0.08421	0.10484	-0.05275	0.11803 -5.5E-4	-0.00405	0.04784	0.06365	-0.09432
-0.0079	-0.0488	-0.0606	-0.00686	0.27414	0.25309	-0.03743	-0.26497	-0.07335	0.11437	-0.09883	-0.10236	0.04788	0.01929	-0.09242	-0.09957	0.05707	0.32314	0.0168	-0.24836	-0.03395	-0.04524	0.03681	-0.14612	-0.03096	-0.0875	0.05311	-0.04177 -0.11379	0.04375	-0.0969	-0.01851	-0.04402	-0.21559	-0.16458	0.02051	-0.12375	-0.04329	-0.15318	-0.04846	0.00665	-0.167	-0.06187	0.03053	-0.07696	-0.02521	-0.0214	-0.04727	-0.10187	-0.2015	-0.04621	-0.11594	0.04133	-0.15513	-0.01255	-0.14913 -0.06449	-0.01156	-0.27194	-0.02076	-0.0127	-0.09306	0.06879	-0.11775
-0.07723	-0.01736	-0.03167	9.7E-4	0.33615	-0.12417	-0.09912	-0.15121	-0.04451	-0.19398	-0.06075	-0.0755	0.04251	-0.06277	0.02994	-0.07035	0.04268	0.13215	0.0341	-0.17841	-0.02844	-0.02905	-0.02372	-0.09536	-0.03087	-0.02031	0.27405	-0.05179 -0.07702	0.02023	-0.05453	0.06705	0.0958	-0.14585	-0.0936	-0.14291	-0.03148	0.0	-0.1313	-0.04324	-0.01719	-0.12249	-0.02801	0.19027	-0.04572	-0.00172	-0.00976	-0.03521	-0.05699	0.02863	-0.04394	-0.05714	-0.06263	-0.10244	0.02863	-0.08394	0.03882 -0.03983	-0.15477	-0.00659	-0.01436	-0.04103	0.08013	-0.18358
0.04859	-0.04824	-0.02618	-0.01137	0.00122	-0.04569	-0.08422	-0.17443	-0.05158	0.1155	-0.04686	-0.05218	0.04656	-0.1096	0.09135	-0.07058	0.11894	0.05789	-0.00707	-0.17571	-0.01256	-0.03566	0.02408	-0.09267	-0.03084	0.12828	-0.04963	-0.02328 -0.07198	-0.03387	-0.06362	-0.00519	0.08493	-0.12351	-0.08903	0.18524	0.07725	-0.07875	-0.04638	-0.03008	0.02186	0.07471	-0.01812	0.18161	-0.06622	-0.01738	-0.01967	-0.02299	-0.07514	0.03901	0.05878	-0.086	0.10968	-0.0949	-0.07294	-0.08791 -0.16523	0.02614	-0.17217	-0.02134	-0.01354	-0.04739	-0.07379	-0.19579
-0.02776	0.01278	0.00446	0.01206	0.16172	0.01967	-0.02902	0.00702	0.00423	-0.08411	0.01086	-0.00384	0.01911	0.00566	-0.15313	0.01576	0.14128	-0.20602	0.19275	0.00754	0.00815	2.0E-4	-0.01238	-0.01328	0.00962	-0.05737	0.21247	0.01351	0.00234 -0.01515	-0.01138	0.00144	0.06371	0.00181	-0.0116	-0.13994	-0.04926	0.06815	0.01095	0.00422	0.00536	0.09266	0.0145	-0.04684	0.0151	-5.1E-4	0.00826	-0.00118	0.0124	0.08368	-0.06124	0.00529	-0.01265	2.5E-4	0.05223	0.00682	-0.09131	-0.05801 -0.01017	0.01555	0.01059	0.01342	0.01362	-0.08238
-0.03911	-0.0055	-0.01787	0.00504	0.23917	0.06182	0.08763	-0.0736	-0.0322	-0.18625	-0.03509	-0.01974	0.03822	-0.16897	-5.2E-4	-0.03494	0.02541	0.19972	0.03617	-0.07828	-0.00851	-0.01361	0.01238	-0.03603	-0.00455	-0.06701	0.33883	-0.04435 -0.0408	-0.00545	-0.02282	0.0706	-0.0781	-0.05476	-0.03543	-0.02252	-0.02295	3.6E-4	-0.07195	-0.02482	0.01364	-0.0146	-0.02971	0.02378	-0.013	-0.01618	-0.021	-0.01481	-0.02838	-0.10337	-0.27697	-0.03274	-0.17167	-0.05627	-0.12426	-0.05695	-0.08452 -0.07059	-0.0739	-0.02051	0.00588	-0.03561	-0.11118	-0.01714
0.04779	-0.01684	-0.01468	-0.01002	0.12987	0.12702	0.04133	-0.05002	-0.03048	-0.057	-0.00791	-0.02416	-0.00997	-0.16525	0.06978	-0.03005	0.17671	0.19435	-0.06436	-0.05264	-0.01772	-0.01326	0.01977	-0.02006	-0.01369	-0.01677	-0.00634	0.02521 -0.03112	0.008	-0.03454	0.03413	-0.09276	-0.05987	-0.04414	0.06806	-0.09548	-0.02161	0.02173	-0.02037	-0.01385	0.16925	-0.0186	-0.12884	-0.01895	0.00477	0.00263	-0.02895	-0.01389	0.01221	-0.07637	-0.02745	0.0569	-0.03611	-0.04793	-0.0379 0.15412	0.03741	-0.06423	-0.02169	-0.00372	-0.00723	-0.08882	0.00645
-0.07712	0.00589	0.038	3.0E-5	0.05693	0.06316	0.04122	0.09752	0.01355	0.08126	0.03583	0.02886	0.02897	-0.10612	0.06579	0.03123	-0.13469	0.01513	0.10291	0.0911	0.00717	0.02737	-0.00998	0.04212	-0.00212	-0.04316	-0.06792	0.01655	0.04747 0.00566	0.05701	-0.02996	-0.07697	0.09548	0.07447	-0.10078	0.08994	0.0286	0.04193	0.01914	-0.00363	-0.05747	0.0172	-0.09336	0.03185	0.01049	0.0093	0.02939	0.02598	-0.12145	-0.0532	0.04777	0.00576	0.05529	-0.11353	0.05175	0.02297	-0.02434 0.09246	0.0126	-0.00531	0.04361	0.01906	0.02204
-0.01217	0.00711	0.00276	-0.01123	-0.16453	0.05234	-0.02064	0.02047	-0.00682	0.10288	0.00752	-0.00308	0.04597	-0.07666	0.01448	-0.00312	-0.08714	0.22788	0.10916	0.02974	0.01693	0.00707	0.02778	0.01919	0.00883	0.07058	-0.02582	0.0109	0.02421 0.00189	0.00215	0.07319	-0.10973	0.02892	0.00191	-0.16704	0.06359	0.0405	0.00137	-0.00791	0.01914	0.009	-0.0081	-0.19815	-0.00132	0.0081	-0.00594	0.00856	0.02528	-0.10946	0.07606	-0.00162	0.07921	0.00473	-0.08842	0.01741	-0.00438	-0.03642 0.0315	-0.01003	-0.00497	0.01673	0.06624	0.16359
0.02368	0.01305	-0.0095	0.00307	-0.0361	-0.14192	0.0313	-0.00513	-0.00198	0.18697	-0.00121	0.00843	0.06418	-0.12521	-0.00344	0.01052	-0.11071	-0.00561	0.13823	0.0168	-0.01073	0.01174	-0.00648	-0.00715	-0.0071	0.02773	-0.14677	-0.01738	0.00607 -0.00771	0.00823	0.04909	0.00901	0.00485	0.00648	0.01239	-0.10397	0.01357	0.00579	-0.01305	-0.01476	0.05968	0.00655	-0.01811	-4.0E-5	-0.0112	0.00212	0.00689	0.01822	0.07672	0.03195	0.00949	0.08093	0.00386	0.05658	-0.00854	-0.0498	0.01332 0.00296	-0.01208	0.00634	0.00713	-0.11505	0.15787
0.12678	0.02093	0.02605	-9.7E-4	-0.01886	0.14856	0.07562	0.07968	0.01476	0.07331	0.03275	0.02447	-0.03369	0.09196	0.12719	0.01559	-0.02422	-0.26256	0.14193	0.07543	0.01545	0.01155	-0.02041	0.03625	-0.00499	0.12344	0.07314	0.01752	0.037 -0.05318	0.03558	-0.01361	-0.09322	0.06656	0.0544	-0.00357	0.02873	-0.02874	0.05738	0.00293	-0.0242	-0.03398	0.01146	-0.21484	0.0075	-0.00492	-7.3E-4	0.00984	0.03446	-0.07305	0.04955	0.0346	0.08085	0.02887	-0.12727	0.03984	-0.10881	0.03585 0.05944	-0.0041	0.02144	0.03723	0.06081	0.00507
0.09629	-0.05221	-0.03929	-0.0139	-0.19693	0.00131	0.01408	-0.22655	-0.05136	0.02503	-0.07193	-0.09798	0.00741	0.0158	0.04005	-0.08353	-0.26807	0.15585	-0.05628	-0.21924	-0.00357	-0.03778	-0.00238	-0.1194	-0.02715	-0.00767	-0.15138	-0.01619 -0.08996	0.04174	-0.09066	0.12014	-0.01434	-0.17645	-0.11287	0.17048	-0.04717	-0.04962	-0.07932	-0.03392	-0.01162	-0.18552	-0.05751	0.13697	-0.08027	-0.01153	-0.03571	-0.03691	-0.08632	-0.05091	-0.11745	-0.09623	-0.25203	-0.12474	0.24874 -0.12537	0.21523	0.0196	-0.20319	-0.01287	-0.00814	-0.07768	-0.02753	0.12173
0.01256	-0.00341	-0.00468	-0.01381	0.57065	0.07564	-0.1017	-0.02706	-0.01655	-0.1131	-0.00826	-0.00727	-0.02591	0.05583	-0.00868	-0.02142	-0.1751	-0.38127	0.03439	-0.03637	-3.2E-4	-0.00572	0.00561	-0.00587	-0.00666	0.06998	-0.00284	0.01612 -5.3E-4	-0.01645	-0.02264	0.0026	0.10243	-0.02567	-0.02736	-0.19566	-0.05379	0.05594	0.00796	-0.01577	0.01612	0.09364	0.00458	-0.08596	-0.01245	0.01072	-0.01464	-0.01141	-0.02241	0.01645	-0.09494	-0.00644	0.17102	-0.01439	-0.00995	-0.02224 -0.04855	-0.00676	-0.0118	-0.0022	-0.0172	-0.01049	-0.08116	-0.17351
0.03582	0.00689	9.9E-4	0.0075	-0.08107	0.08839	-0.06547	0.01539	0.01514	0.09905	-0.00908	0.00948	-0.03706	-0.01076	-0.00949	-0.00991	0.21819	0.27579	0.16512	9.1E-4	1.8E-4	0.01563	0.04548	0.01062	-0.00404	-0.01582	0.06791	-0.0046	0.00753 -0.03785	0.01825	-0.04957	-0.09193	0.02142	0.00497	0.0761	-0.02326	-0.03524	-0.0482	0.01132	0.00595	0.01526	-0.00451	0.12712	-0.00289	-0.0028	-0.00825	0.00753	-0.00491	-0.16101	0.01549	0.01143	0.2424	-0.00348	-0.23403	0.00154	-0.16058	0.03287 0.02535	0.00718	0.00676	-0.00526	-0.00136	0.22316
0.04593	0.0231	0.01019	0.0133	0.02544	-0.24759	0.04846	0.04368	0.00751	-0.04333	0.02128	0.02386	-0.00264	0.01518	-0.07649	0.03128	-0.13674	-0.08882	0.05027	0.03965	0.00324	0.00485	-0.01503	0.01373	0.01183	0.05052	0.02899	0.00951	0.03096 0.01607	0.00579	0.1034	0.04447	0.05002	0.03416	-0.08953	-5.1E-4	0.00469	0.0085	0.00142	0.01031	-0.0424	0.01126	-0.02541	0.01533	-0.00473	-0.00474	-0.00279	0.00417	0.07016	0.03907	0.03201	-0.15719	0.01678	-0.02922	0.03957	0.18599	0.03987 0.03658	0.0145	0.01881	0.0016	0.14034	0.2683
0.03751	0.02399	0.01185	-0.01267	-0.44825	-0.07674	0.03457	0.07877	0.03046	0.42809	0.03119	0.04211	0.04445	-0.16593	0.07986	0.01947	-0.04615	-0.06587	-0.01452	0.10104	-0.00459	0.02997	-8.8E-4	0.04317	-0.00122	0.07309	-0.16399	0.03153	0.02502 -3.4E-4	0.05016	-0.06808	-0.00921	0.0627	0.05311	-0.01192	-0.05798	-0.00915	0.05771	0.01314	0.01416	-0.01854	0.0253	0.02932	0.03123	0.0164	0.00531	0.01127	0.05066	0.0439	0.06685	0.02972	0.0403	0.05217	-0.00571	0.06383	-0.04473	0.01203 0.07875	0.02446	0.01722	0.01988	-0.16848	0.49155
-0.05414	-0.05802	-0.07198	-0.03122	0.21509	0.02269	-0.14342	-0.23373	-0.05776	-0.18801	-0.09104	-0.1025	-0.01897	-0.08002	-0.0485	-0.10986	0.08703	0.00996	0.00771	-0.26187	-0.02299	-0.0412	-0.04616	-0.12337	-0.01632	-0.17469	0.1729	-0.05221 -0.09881	-0.03151	-0.10876	0.01223	0.00229	-0.19998	-0.15285	-0.05176	-0.12332	-0.00849	-0.11578	-0.0459	0.00819	-0.09461	-0.05726	0.09413	-0.09259	-0.01446	-0.03181	-0.0368	-0.10571	-0.05341	-0.08445	-0.09851	0.01804	-0.14922	0.10304	-0.15722 0.05853	-0.05446	-0.24124	-0.0249	-0.03671	-0.0922	0.09661	-0.13385
0.08692	0.03534	0.03031	5.7E-4	0.03049	0.0568	0.09523	0.14381	0.02116	-0.03354	0.05314	0.05372	0.03903	-0.12596	-0.13583	0.04007	-0.14254	0.02274	0.04819	0.14769	2.6E-4	0.02973	-0.03591	0.08243	0.00472	-0.07813	-0.15081	0.02908	0.06036 -0.0534	0.05993	-0.15346	-0.02913	0.10576	0.08391	0.02152	-0.16749	-0.07417	-0.01266	0.04318	-0.01615	-0.24129	0.01909	0.01673	0.04839	0.01954	0.02514	0.03506	0.04673	-0.13574	0.07867	0.05796	-0.15614	0.07835	0.13177	0.08008	0.12241	0.0495 0.14926	7.3E-4	0.02119	0.05314	0.11173	0.10099
-0.08281	0.08036	0.08503	0.01878	-0.15243	-0.08441	0.03838	0.34771	0.0738	0.24823	0.09991	0.125	0.01294	-0.06022	-0.05391	0.12492	0.2566	-0.0796	0.02925	0.3394	0.03123	0.05796	-0.0186	0.18621	0.02783	0.15554	-0.31842	0.05957	0.13041	0.02534 0.14811	-0.08991	-0.01371	0.25218	0.21159	-0.07201	-0.04031	0.09991	0.10143	0.07751	0.00709	-0.0014	0.06217	-0.11003	0.11585	0.0438	0.02195	0.06231	0.11893	0.09283	0.09235	0.15266	0.07716	0.19342	-0.12026	0.20435	-0.02672	0.01617	0.34621 0.05302	0.04794	0.12613	-0.02644	0.3463
