0.3909
0.14202
0.16959
0.04037
-1.40795
0.92483
0.44492
0.68816
0.15906
-1.13001
0.22118
0.26435
-0.20366
-0.73188
-0.64069
0.26337
0.89052
1.30061
0.77779
0.68978
0.05631
0.12883
0.18612
0.36122
0.07697
0.62563
-1.14915
0.16163
0.28418
0.21374
0.29126
0.48356
0.50713
0.54695
0.41396
0.75527
-0.67891
0.27937
0.42557
0.14243
-0.07675
0.75634
0.14003
0.82032
0.2222
0.06374
0.0688
0.13503
0.26219
0.83175
0.68133
0.29929
0.84827
0.41
0.91447
0.41332
0.69261
0.26166
0.68709
0.08033
0.06719
0.23494
0.84679
-1.26094
